<?xml version="1.0" encoding="UTF-8"?>
<CONFIG>
    <CAM_NUM>4</CAM_NUM>
    <CAM>
        <T>0 0 0 </T>
        <R>1 0 0 0 1 0 0 0 1 </R>
        <E>1 0 0 0 0 1 0 0 0 0 1 0 0 0 0 1 </E>
        <SN>207000107252</SN>
    </CAM>
    <CAM>
        <T>274.365 -2372.96 3317.01 </T>
        <R>-0.967352 0.252882 0.0167597 0.0610918 0.168494 0.983808 0.245963 0.952712 -0.178442 </R>
        <E>-0.967352 0.252882 0.0167597 274.365 0.0610918 0.168494 0.983808 -2372.96 0.245963 0.952712 -0.178442 3317.01 0 0 0 1 </E>
        <SN>207000107253</SN>
    </CAM>
    <CAM>
        <T>1898.08 -1544.02 1560.96 </T>
        <R>0.0129115 0.734963 -0.677984 -0.613509 0.541236 0.575039 0.789582 0.408525 0.457895 </R>
        <E>0.0129115 0.734963 -0.677984 1898.08 -0.613509 0.541236 0.575039 -1544.02 0.789582 0.408525 0.457895 1560.96 0 0 0 1 </E>
        <SN>207000107051</SN>
    </CAM>
    <CAM>
        <T>-1817.41 -1345.18 1739.42 </T>
        <R>-0.146918 -0.596698 0.788902 0.736814 0.466095 0.489756 -0.65994 0.653228 0.371177 </R>
        <E>-0.146918 -0.596698 0.788902 -1817.41 0.736814 0.466095 0.489756 -1345.18 -0.65994 0.653228 0.371177 1739.42 0 0 0 1 </E>
        <SN>207000107251</SN>
    </CAM>
    <GROUND_PARAM>-0.7777 0.444837 0.444187 68.6499 -0.413836 -0.894164 0.170912 -188.35 0.473204 -0.050903 0.879481 2464.17 0 0 0 1 </GROUND_PARAM>
</CONFIG>
